$ANSIBLE_VAULT;1.1;AES256
37633331336432613566666234393533303139376635373536326265386462333466343563656133
3930373031663334663761656365643864633731633036660a393738336235303033393366656133
65303032376533613161643537643566646637386538343634616639353061613065643038333665
3364633066326364320a353633363035346539666637653134666432633732616331623936313138
35616662303165656463306663323337643235313332363534663032653766323761393062396666
62316432643934643162353464643136363231623330393166616463306239356532323562663962
31656532663139343238356262373466613862373963336262633062383631363137353061663761
30633965396635663232333034613532633630633531353836383630303264313561336437393938
32623931303563656330623661613562306361663165363733396265663137356264326263626164
64363132353565623238656530653865396339616633376434356238376636613335303937363733
36626561646463303038633935613161313761663938343863646137383732393032393763343131
64613835326634373737396135336433653231333961663763663931353237366261386530333930
64306139343036626635663765333564326563373932383631653063353163373137396637393633
36383866326264323831366238643232356462336531363761343365383965393466343964303866
65376565333035393938646230393639303361656531303161343934376539636663303163303838
62316339396161616630376366366135373764643339363165376561306334313266376163336362
66646132626263363839343064373336653838363235356430663137313938353330373732336238
36376565343830633161653361396363656536343063356330373236353732323230333639636539
31333162333135636631343439313661336362386437313737383132383934336164663839323938
38393830326335663531376634623362353936396337623733626264363338663536323661353934
31333561626235373832303961333834653663616638383933353032323766346163643834623232
65643036353736356637613963333561623634613963336531616664643537336462303362393637
62313933633436343438656435666134623431623933356238386631313565643135663035356432
31373234653237393562326635666338323831633933336562396438303839316435643334393465
3064
