$ANSIBLE_VAULT;1.1;AES256
66633631313966346137363237343666333735363034313761353535653431636137323930396234
3535656432313130333765326666383931656666636165300a643136383265336265313238356337
64653737646665616137316333663434616139373862613432636262616639316661396234396365
3236613239353237300a313231303435366131326561656334663930323234376531353965376136
32373031656262373439663162393863363230313239663536613938623239656231666261646337
62663936666132656433343431346433383335626163363635326664323732353264356333313731
39353033386431313836663761656134376132633462663739393836303038666332343965303338
37636238306430663264633565373432383633366264323237663463396265313439383836643839
64313464666361613366643362343566653935316431623234613561383065336361616635626566
62333361303464343831663733643630323638326563623366633066363764346431386461333536
33616336383835636664306236343038376531386563376663303533623432623639666638313038
61376363653762343430383633656134663063643966383634383764393965323865633731306532
38326635616664643932373865393564326435653961663939373337396630363966336335353933
39643763363732366134303863613339373032333230623836323530323764313163383233383763
64303633353462363465383762313866386335613235353566383363646538616336376437663131
66613931353863303433333331383734643337663138613965316366343666613661633565323062
38323032326235306133366535373439656237663165303830323365313363353835376238616565
65396266353936643835656364666632643166376430386538376363376161353236653130656638
66333463663165616665633839633462623932323236646461303336653936316333383366303930
34396365316665626464336630646438376537643564323430643534663463616262366538343162
62366264653661633939323061353631656237323237383766656130326464386264666334363433
35623630656137316436643966656236653133376333643664396330636332643934386236346237
63363061303563383936313164383663376262663633623637636634336564303832663264346464
34646338663830633532613765366166363964343162653564643733663065323738643263666435
32353034636636633430386139313732346332353664646232636231646335306430386534633330
33346361346662613933626432326531383238316333306230336438316362646563376639323239
65356666366264336462326233613662663331343134303035623965363262336134626663613662
63643361626263313032633765636439666238306130316431623566356365343833643734353265
34643835303937653638656638616135656134643931626433646466363431306461393961613731
39313062336364316636396639343330393464363130353234623864363537643433316363346466
34303532356135313232386337356532386433396338363035356332616531636634643239346436
33323066613465363734373737383666346231326634643832333465633431663735643065653937
63333566656533323563373531323262303661303137373632363738646138306265333738376564
31303533646634383534326232383236636164353239303830396634623561356361393965333933
33366461656164366436633038663637323964306161393138373236346563643038343966383165
66396130616630356137353330663631663734326438363030306631333434643965623237333133
61356436623636393963376133663836376665356661663162643530393861396666386466616236
32653761326338343338323265313563373334613236623463363763386536386136653365393237
31383561646462653864373734363663393235623331303032336666376463363239383666373838
30353462376261653666643635663261373333613836616432346266343563356631333139396436
63613764316631393539376335333933336638643964363365316536643237343433356130333335
34626436666535353538616461613564323137393431653965666634633732313462613235613138
32376537376231643532313437343237663966373563326662366364333436623536336532323838
62393537643939316636643835616461663632653531663033313239313438636164646330666533
32623630633030653462303230313935376461623862306663653835613236303465366165356132
62643763313461376237303833343838646339353966313166373833393836613265383832303465
39313531303431313335613336626334616531393361653266356630343563333334653866316138
36333331333665653935333833663864393766333965343331623365383331656162653030386439
65626638323134646265633437343733666235373233313530646261633635333264333034616134
64366139643131623839343739373561306565613665383664396439646463346534386535356336
64633035653838353736636239613038633063313464303637303138333635353736613732396237
30376139343133393933383363336138336662626630336664393337393633356163393439363939
63393864643230323539336432376130376562356135383636363161333764613137346536666637
65313561666332333464646436633532663432353633336363616365316666613864323463376137
63616336333635663137373366366263616135346330353939356261323238613730346465343764
32663864363131326433383334643761623163393830333030623832663531386364366136656465
62326664343533396238333539343437373831626331616134626561613636643137646130656434
66613464323137326238393565623337613862666263323961643333343062636538343933666165
32366639643534383337336463313433356234366363323238373036343961616135383766303333
63373538613730393661353363613662643137336434626238346631386334313632356564333761
61323434323962333131663330343661353335653861323431643838343533333831343836633664
37316537613231623136363133366630363439326663333331343134613964313632656637323062
61326362656266323164303461366234336634306139333731653132353164303261663132326635
34653662393336643735363562396333353664613361653837343664393839396234356338373531
35613339396436393830343939626334303432663664333133633432646162633935663637343337
37346362333966363662363263643861656231326635663834613366653665646637383134396563
32653761626163366237626465613764383038333164393036306566346237356137326661633162
31323763323662653438313464666461656266623438373262613633623962306230343038336139
64383931613136333464396364303936346639353238306338333332306434646262356238313164
35653330663134343631396634663537616339313363313639643562306536313766393330363066
38393963346233303261616432633462303730613933623832393464613135616537653930623035
63376237326238653966336134666362373361633433656333383861393133353235376564303532
33626134353765303266373031636166373739373139316433363731636431306661353330313962
64346533363761393830336563323930333464313761383134313037616634333863396631336363
30303237336435356239346532386366366333373938366131653236363735383230633664626365
34343936326637613061396430336461306466623635366239393039333566356633326664663964
66303335303965316636386464666565336537366262663633393935653933373038333366663438
62623639363730643532383430356334303438323837313332663763616132646132306230373965
63363963663664653364386133623763393931353034313535643530623134383763303666653833
39616238623739323432383239376637633132326233336635313362353734336430383938626561
35353330643231353939653235333539646163653766336230326663393863616134323534376464
32613065306430356366623064326466643335326163656235626236613361643039343539316336
31363962306333333361313935303630373232633934316265346131373664623835656439376165
37613632353830643964376166653364326364313231643132626633303963356232373733386636
64356435363637616463343061663731653732316364623430623261376135333131636439356665
30623336663030323733396234343065306339653733363736393861303063303362653837646562
63633261353537333736356436353863336664393033616638383865653865613633386138333738
38316163343132383438623664653263343333633333336236633639663534303339663964353938
34623932333363333363663333336536383765663164636435383031643961653134393934306261
66313039393536363931633430376361666165633735376639316365333532376663353061636333
31313138633962636635393464393634616166613931323133356666636466313034386563613034
63336535343939313732373062653564653562316636303233376564613034636163303563346639
35613263623332353461383265643133636433323062363832663461383337313531343334373663
66666235666233313937306235336539653164333262323337333333663133653431613133323533
35343631363736313866376631353162623865353532653735643332613830303132393234633965
33346662303134383338316236393366616132616134336133626230383065326439313739333065
30353739646630323939396534383430393335386133343937643638623139663935616238396465
37646164376435386265656563313438386366653839633739653935383966663566663130636533
64373636633933366463386464333862663630353432383266323434343065366237313737623738
61396634636336386665626437313435633037333961343631333135306137616166626163346362
35373065373336343236646365353963313231366633313736303833303237313131643734353937
34636437356533336238633265373234623066653032643962333838373965303835363034666264
39383062366466363934653662303939323561383931393164376264353939643063306265373535
38373663313061303335323266383632313162303734613665616539646466616231636234323039
39356639373366393234346232396166373130333632333731663032316432643866343036653835
65653261383237386430376539343463306431326237323132666265613436643061666363313066
31366336646366336533346231323335343832616663663137303035613637373631306230653330
65316165366631326637363637373963303031363037653534333333356630626635643830646537
33386631386136343764306533306164386132663937343439323230656335633730653931313762
66353866363034323862666538653064656436663730623865396532346565663162386263643039
64613962323564373030393664376438373263313964333134613234343662353039613231333138
37643165653339376330626630373730316465366364393734356336643465623830383437653030
38333432656665616130343563663031623138613664353233663830383735613761393965636365
61386238346637313862306133353432643562323530366366636566313930343736383533623330
39376634383966323431323239313365653565386237616333633563383364346630326439356230
62633838343465396634353434396330333966386530623032323061666164303538646466636563
39306234376130633262303333376238313464306435373736643831616366633139343534336337
33663264623964393130363735623166343265613966613033306532663865613464383336373362
65376566383465376639396130343464663566383132363038323631333734316365656237313038
39373831383835326466633036656464363862616432623663386462333938363634633865343533
32633065653762393336643735636335613937333639343139376538656435643234306330663333
33663434666263346562333863326238323437366237623865373931356536616335653961343431
34633131656163613639656339633239623664633861376465316364633963646435613263363434
39346462303964343237366137626565373032363961393634356166326266326362386632313330
30373235346338316533323466643336666535346438316638393030636432373735616430303232
32646136303062333233333338313334323632346665336337303432333437666333323432626535
38613938643339343439323362306136646166316462353830656336663439363336333764636334
62353631346561393234653538643365646636366465643636316163333037613836303737356564
31353332666437343564363034343632656637363562636436373565353734326165373966353537
62396132656639643330653763666338336536396339633634356663666130636666626161396631
62326430636264396535626537616435613737313731616434666162633037646537383736363835
35666136636561343465613066353863386434616163383466626335653433383036623736623332
38336635613433623530343931376638313338343637373336373535623031663439393039313530
63613335366165366465356332323433393664616363393334313531343138666535333536323561
34616133326261383863396439353862353037626363616266616133626233623339393430623863
66326137303735386364333266613334373535373638346164333661663835333131336664313433
34643863346539666135373831323036306166363233306664383434306432353036653537633066
62356337316231376630633137313361306463643364343030643936373039323733643835343833
63393234356633336437353365363630303035356231336135373835376663636562643832613037
62343836323661666261373931653563643037346431613164313134353863316333303539613366
35656532316563306539613564613132663030633239623364643464393431373333653834663561
34313535346266373035653830666436653233383739636330613337623564643032656264373738
34353435343930323063383565326136383466626239343866356538383831336431363461353666
62336531366361656137363333636435343433303138656132613233393534653630353062383437
61626638313238623830653262353138303630656465353039633163326137313636343962663737
63656435646461623133386532663635306334613930313837636135666535633636393265656238
36663064613539396336623065666134376535383231336437636465633732663030663864313533
34366564613164356538313731373033643936393464313765303332626565656130373866333637
32323461346661336431303866336638616339643538396335386166653963333665613036353134
35326663623461623039313236343363663062376333656230376265613866626466346266343432
66313134343261353165663863373532663733623162373337623564373735323563343836343432
66323138623334353830636462343330626166643935323136616562643830393466633834343130
30663363306662623936333866366235393839626239656534613266666562633665616133643034
33396264623965333039353332313138356237623761323563613462343737396138386138613537
63313665666339623831313932313139623030636333363938313938613236363032633532356638
35323563303631663935636561353330633861663739316535383861646533373634643037386332
63666463663531336137636231313733313634393866386437356636336537626462393833303134
62666565313163306339663962313037376335336130613366383735383264353936353637626330
64323932353463633936303863363338653634363635653135373631653263646331643161346430
32653661313366643365633162663263303335656661323136323232613435313933326334313866
66613462303334653161313038396531366362363639353130663736323935336661303862373431
35313037346335393462343064353664306239623337653862666166663930326563323661636635
38663230323239663566383364393935613363326535613863383737383139323062336232376237
64373261373035633439313562346138643435316165383235383034636334633364373237333863
39616135333463356130376633613335663164326164666532623339366636616664643636633938
30663538363737663937343163656439633964656232666434643364373262643764613064333832
34666661633866343138333032613330653266653764303039633031386661646237313637383862
38303265333862323934633166636131313066353433343664386565643736666534663134323133
34336630326365613230353339323735663637316435346564376665316262316162646265376637
37663234313939333965306562613230623430633439663561316262646333346164326434343436
61396363376364333363326432393462643935336361343565376562333063303565303161353263
35616666613665346166333038376138616136633938346165643132663462663838343235636135
64326264346235313034356434633137643638323862656435303166626338383839646639616361
30636436316336613539623734633866646633616330616262653033656131343735303565636465
32373830363834393432303338613633343932393566633763373533336331303632656330663538
64383436633362313732636666643330373861636234613337363763623030346339363230356332
37333761613832636265643839643962313765336365653534323065623836666436353861653162
33633331616137653665653762316261326239613561633731386664373166653931376261626237
31363832633265376566366261343666313735386565656430656339613535356363363139616565
33343431623836373639666366643032333032653862613863313063383033663461626661623337
39623837663137643665663861303561333636646237323166666634613865333532363233303130
37336533366233353531313937613033383238323834373963623236633135643064616234396230
36616334366364633565346264633832666363323832656564363033656563666132623830393539
31363863386433393431616164346332303761666639383233623964313561636632663066623931
61663332353435633035313236613863383830653863346163666531623833323066343861393765
36333762366232386231383337383564363736623536623966353234353461623165373265333565
61653336633735386365666339633662616538333230353436646131643866363032646533636630
32316532333039623034363734646464613431623065663238393831383362366630643163656332
61663535373137393134333839313239653161646364623135346136323535333734333161313831
37616231313262633534623136303561663965373966366461343131386639653836613533653661
38363630623238333134383561643138366536646634626664306265383732613263656632636532
34393831333262656438653062663762663065623638386236383233313636373335653665313566
62383339303063313864363432643736386665636364646666623564663862616466333538613333
30343136623861383063666261386536303134313866353563653830353466376439306534316464
38616238353932663765363636653338653266616538613931626364303164333335376234313462
34333363616630366532396231663430376233666233303230306139636237633038346236366532
66373764323737623734303232316536373633623633346462636132663937363966353139656234
37623034343130356664623366393832616330383430303239393663303739333034323161353331
31383531303032363138316161626266393061366230643362326566363266323039646266333932
34333231643635356336623234656265613437333965653233333062323563613137613462626132
35303266396431643336323262636464633461386338646562363233626563393236623461333430
61633834396132353664623535623965346361323664623332303530633539353265343038353165
61363135316631323630303364343466356337636538353962633330326261396136373235616363
37646238653463363839333637633038306539366637363465326261363537343939346361666162
62376437373735653763356538303134316336303765613230326433333134633333643561613734
38383833353265316133646334323366393738666538656464643737303232616138336134346632
35666361333134356331326535633635623439306439383939653339353663666434326533316165
33323066313065666561343063333462633837666562633530326331383331363065623964353035
35336135386438316438333931653236633936336338353038303437323561373661356638326635
64383435356662343462326461396336366536343162336330383961653763383032626238316539
39656161623866653462373733326639343162623564356532343061323064396536356661323963
61376464383263363866396530393332313536653336623738383364396266396530333862376439
37316436643261613239346539626435633862616233666366366538303736653938616339363861
66623331393237313766646430363563333839303832643731306231633837646335613534616363
37343330346631386536663037313961633639333237326436343661386661336634323736616239
30643839363131306137306537653762343266316566393534353964306566333934663433316434
35383339646234373831373936383835373261393864353930336534316238626331396437613137
32366530613436383033383437363865386436313639363433303431646666333261653235343830
63643362393464633230313130626163663361333561323361383934653561303263343865366363
35636539303163326265613862346463636334386434626136326565343431366266323538613636
34343966643962323937396334636539383134663561376132356632363565333931646161643062
33326134323435623331303262653662316139313337336637313962653566646135303539656230
61343237326264356639643439326166356634653336306261663264373261313562386631336364
62623365636163666530313262383637306235363932303036643934356336613030613333353433
36373333623163613061623738326165366335633661643331343531616233386661636561646636
66356663333261396262366137306135343864643966383634363262383431623937336264633030
39303034333534626339646565623764623338353335313463333131386362333165353633373833
38363833343765383762383064613361366631656266373566393332333930353364393266666630
31626232623139333464353238633062383431306361386631663430616562373839333634316335
35363665323464333866666430333663663532656436653061613534323833333733333764386230
61303332646662396464373238353436343333636364383739653730366235303733616533363434
33363532636634323237633832303736353238613436666335663439396638343264396562623165
34393232616135343061336631663731323330613261666564633836336665623636633362336161
37373431613963336333306338333731346165396163383038643832383034633836663161613233
30386437306533376161313565663165623161303639656632393739616637333839656463323233
37303337653737636565616565346534333861323433306166366561306164333930396264653638
39376438666436306639336334366339613832323838343138666463386431343438396565323231
32643566313335313332393562343066323362383962626165656439393166333466313765303961
32636161643565303464363766613664636339626139633361356531343535373239393536393133
37363062613166316131383030326231623632643735653037633938336332633433343966626163
37636662396235326561313032343737613662323633343937386432363939313839653662376266
30343964653034386234306632663065656662313537333338626135653436323065616439663235
38323033643133353266366131623632393938333336376536386536316232616466613031323737
61326664363938613534326637663465303965386461626631316131396539343062653336306438
31383631393837653262336464323632663734336265613765373362303166316266323765653661
37393830646130323733366662636662383130643730383235653561346139653264653035343561
30376563346161646537373465383436626461356232636438653032623034396436373131396632
38393638636434336332626164643831666331616164623762373739623366356130363134306637
66373130333163313633336334346166323330376664356366353762313162663934343961303837
33373039316666396231313164343362643537323739636332366131343566346462333464343332
63303836653964633738313563383435363532623635656530656563626636663438363863373063
37313563386632353165343066633330643839353136376463626531393939626433646561613261
62636465663163336133343031326434613763383335623063363764663433343235613031616361
37636265363031643032373134363138383436373462643136303035616130303534303861616361
66303764633034363733303930653465316339346538623133393930653730353137616135623239
37316536303164656466616634643334343233653966613361333030316239616236336165393565
31386661613934306132323736623733323836343534643262346437396338396637336662633232
35353932376339353531363431343836356166616566343764653763316261383937386334383734
38316533336264323465336537383764303465623161643465313666303863303564373266353965
64663865343533343261373861643435313235363135323464613165396133316134646435316661
36353664383838346363653763666636356232396131363863636134653934616335313337323865
63663361373635316232303733623963306534356261303665353435656463333466633730306239
37653531313739356435326361333564643739333331303835646632363364666130393139663461
39393434346631653934643335383738376238396639383630346335663731623165633662373537
66393238356661383961306137333736633939363538386536613238343862313833396364316230
31346430643063396236336164313832346633656235623436313136343166623133306239353239
65303838356263333139643438323964316638396464313462343432343063306335323935346138
62366164616435326334383136383134386237616231313636656630636333356539366164303763
31613536373864633730333961626234356361356361383663653032356337313733383939633639
33393039376534323562616436353161326535616161353363363861333930653036636538316233
64383666376432653933306439663537326332396230643463633230656539343561353266343333
33616639396266316336613231343133383962636538623030623865316435643030646331303538
62333965363438643539653432666235336135373630656330383130623765633365383363333466
36346163393266663265373562336130393230313366623965643364386135313463666631613431
61366361333637663633633833343432356466366266666638323631623634326562393139636236
37326237393235616261656134666336636566353662353162383530333532326135646462626161
30393136366362386333373430653463656566303339313461613836366537343030383439383365
66653033666434363539343466316233656161313636616235626231613233393730333839323664
39643836613033343064376261393764346666313161306532343735656364343466656531343332
37616662393066383639363862323432653062333535316632666138306364643638386336613731
62376431363566623035336634383938613264386166666530376562613565313766373134336231
37326638373163333134326639363732646662313236643334666135633134366665666539383066
30666435636238666439316665613166356232616336643833653836613630353934343765656237
63346139336665306264303431353564363630303037396332306330643631333463333563666265
63663935383434653537326337376265386161653263616237653435653538663837643465623835
36366533326663306565326163383533666163636430306336333034393932313534623463343537
62393863613033316438633333393536393435663439643964363164656230333763633863656530
31633161346433366463393932343936373836316466626436613039633564633463663731633130
36323034393730356638303434373565633835643034313538613163646632323964633765373230
62393364393133383339363731383139613137633734626130666131383831353364373232356330
38353965626139623937653730373864343039343136353662633036663861633962353135653535
36356331663432323433366332396333353137363936353865366433356132376538653566363932
36643137373134336439323836356332316165383837363664393766343634353766306434323332
34333662363134616262643034343932643065353437303432373462323765613630343734346330
65636539363130613839656535633464306636393038653464383863663634633961336436396662
39396665336138633066643361366232643639346531643565633134393434356337646438376234
62396664633238636333336331316265343738653163326361353736366533376332343961656438
37373137363433613965393164326538373939663935613830656639393862656562356463653030
30633138666365376237303936356435666135613465343036336534653162633265636462653061
66363631396565626235313133383065366339363134623966656136373037323037313534666562
66353961383162383734623135386563303132373662303236373461313065656135626661363730
35636235626236396335663937306132653834396663646564646366303936643766613366386465
32613432616634383732613732623630633264383530656230323461613961346536393037343838
30316337366131333731353836616130653937316361313731666363336537363834326239393664
39323961643662663238313464363061326662353161643535666638306165323835303164643130
32613831303937643063383062663866376232646133303937376330663965323332363561626536
34353264623964363539326536656439393631363737383730666239336563376262386266383532
32626136353263613264363563613338636262613638333039636463643033376562636436626638
35356464393638393732386163306439653166653761643938343439343235343431646230303462
33346533373461633437663231383432646539663964653864346534656162653063316137346639
64303230323563343863313161353536383062303261366561386337653639333435393936346162
38313937323561656634323064386133353730313762353938663766373363633138376231613636
64653731653539653261316431343762306131663731326633396365643434343039303231633264
62396631643063643936363239613935336430316664383063373766633966386461393165336137
63316663363065633833646664353536353334393333373139666237653762313862363665343363
32663234643035366266393737666534356637356362323065343930323463363139373464336533
37326463343234643861386438613266393930303561306436346135333933643663383966326461
66343861333661306137366264363365643066353432643565613033616533363338663832613239
35616461366339356334306466396135373061303138396333666130323539653733346562663232
34656638613638323765366161353466353962383463386133323035356665666332663533336531
37346432323532666263656435613431393230336264666333666238303031373761643832666339
66333939646339623963343439376364306333393561333737663634613663363438363439336462
38656361396230623331326137666437383637393833396136623537353735303865646166633762
61656262363533656437333136633336313133663165633530386137396261666335336538333065
61616132616532306532623435366430616435366139643038653238343937333936373531313862
61346262346362346263326239316531656637333536383531643265366337356330313435626332
65323230616165383236323135613537313238616633383438393165336538373338626238623539
65666266376433663332313234613636333933653333346337306133373333336138303737373832
63646263646431393736303163393263333238393436343938623036366566653930366436623836
61623230356437316636376438346531303765636563343665663761333936653038653133336561
39353265643138303862623230626263663862616636643633393762653337313862306664316161
63326430393335356162363766373735316663633665656431633934316234383931343462343534
31303062666639373031613039373130623535326661633063613330386231393632353763393662
37393737623762666633623131636233383332643933666666313436363338363166343839383763
34313261636262623932363538393061663839366462356235306661653534633862343862393235
37383730363361626131666638663766323336346534386636633439323939373630333439653932
61353134316665393462656161643335343631313262393639643365646537666531633835653638
33373336643266653135616631396431326137663931376161623065313364343866356538646130
35323035613065623666646465373139313630613430303530326330653235363332616534353564
38633530376235396335
